Roll
0.04 139 162
0.08 139 162
0.11 139 162
0.12 139 162
0.13 139 162
0.14 139 162
0.14 139 162
0.13 139 162
0.14 139 162
0.12 140 161
0.10 140 161
0.07 140 161
0.04 141 160
-0.00 140 161
-0.04 140 161
-0.08 140 161
-0.13 140 161
-0.16 140 161
-0.19 140 161
-0.22 140 161
-0.24 140 161
-0.25 140 161
-0.25 140 161
-0.25 140 161
-0.24 139 162
-0.23 139 162
-0.23 139 162
-0.22 139 162
-0.21 139 162
-0.18 139 162
-0.17 139 162
-0.14 139 162
-0.11 139 162
-0.09 139 162
-0.08 139 162
-0.07 139 162
-0.06 139 162
-0.06 139 162
-0.04 139 162
-0.04 139 162
-0.05 140 161
-0.05 140 161
-0.04 139 162
-0.05 140 161
-0.06 140 161
-0.08 140 161
-0.10 140 161
-0.13 140 161
-0.16 140 161
-0.20 140 161
-0.23 140 161
-0.26 140 161
-0.29 140 161
-0.32 140 161
-0.34 140 161
-0.35 140 161
-0.37 140 161
-0.37 140 161
-0.37 140 161
-0.38 140 161
-0.38 140 161
-0.38 140 161
-0.40 140 161
-0.41 140 161
-0.44 140 161
-0.46 140 161
-0.50 140 161
-0.56 141 160
-0.62 141 160
-0.68 141 160
-0.76 141 160
-0.86 142 159
-0.99 142 159
-1.13 142 159
-1.27 142 159
-1.27 140 161
-1.40 142 159
-1.54 143 158
-1.76 144 157
-1.87 142 159
-2.05 143 158
-2.03 140 161
-2.09 141 160
-2.14 141 160
-2.14 140 161
-2.08 139 162
-1.97 138 163
-1.88 138 163
-1.74 137 164
-1.48 135 166
-1.34 137 164
-1.11 135 166
-1.08 139 162
-0.58 130 171
-0.46 137 164
-0.00 130 171
0.35 132 169
0.79 130 171
1.09 133 168
1.39 133 168
1.42 139 162
1.38 140 161
1.22 142 159
1.12 141 160
1.17 138 163
0.20 159 142
0.14 141 160
0.15 139 162
0.12 140 161
-0.00 142 159
-0.24 144 157
-0.50 145 156
-0.69 143 158
-1.01 146 155
-2.02 160 141
-2.27 145 156
-2.67 148 153
-2.88 144 157
-2.88 140 161
-3.53 153 148
-3.27 135 166
-3.77 150 151
-3.51 135 166
-3.31 136 165
-3.33 141 160
-3.58 145 156
-3.51 139 162
-3.40 138 163
-3.26 137 164
-3.18 138 163
-2.97 136 165
-3.21 145 156
-2.78 132 169
-2.57 136 165
-2.48 138 163
-2.12 133 168
-2.33 144 157
-2.09 135 166
-1.85 135 166
-1.59 135 166
-1.26 133 168
-1.42 143 158
-1.63 144 157
-1.70 141 160
-1.74 141 160
-2.00 145 156
-2.04 141 160
-2.07 141 160
-2.14 141 160
-2.44 146 155
-2.38 139 162
-2.36 140 161
-2.43 141 160
-2.54 142 159
-2.69 143 158
-2.75 141 160
-2.91 143 158
-2.94 141 160
-3.04 142 159
-3.06 140 161
-3.16 142 159
-3.38 145 156
-3.51 143 158
-3.64 143 158
-3.72 142 159
-3.71 140 161
-3.93 145 156
-4.06 143 158
-4.03 140 161
-4.13 142 159
-4.25 143 158
-4.29 141 160
-4.31 141 160
-4.50 144 157
-4.68 144 157
-4.94 146 155
-5.07 143 158
-5.12 142 159
-5.36 145 156
-5.52 144 157
-5.56 141 160
-5.72 144 157
-6.05 147 154
-6.41 148 153
-6.61 145 156
-6.77 144 157
-6.87 143 158
-6.78 139 162
-7.03 146 155
-7.24 145 156
-7.08 138 163
-7.17 143 158
-7.21 142 159
-7.13 139 162
-7.23 143 158
-7.28 142 159
-7.19 139 162
-7.20 141 160
-7.24 142 159
-7.31 142 159
-7.38 142 159
-7.33 140 161
-7.20 138 163
-7.30 143 158
-7.30 141 160
-7.34 142 159
-7.26 139 162
-7.35 143 158
-7.37 141 160
-7.25 139 162
-7.16 139 162
-7.11 140 161
-7.10 141 160
-7.10 141 160
-7.16 142 159
-7.27 143 158
-7.25 141 160
-7.26 141 160
-7.29 141 160
-7.26 140 161
-7.21 140 161
-7.23 141 160
-7.15 139 162
-7.15 141 160
-7.16 141 160
-7.20 142 159
-7.33 144 157
-7.42 143 158
-7.53 143 158
-7.66 143 158
-7.73 142 159
-7.85 144 157
-8.07 146 155
-8.11 142 159
-8.14 142 159
-8.23 143 158
-8.36 144 157
-8.38 141 160
-8.55 145 156
-8.56 141 160
-8.59 142 159
-8.65 142 159
-8.69 142 159
-8.83 144 157
-8.77 140 161
-8.74 141 160
-8.49 136 165
-8.33 138 163
-8.15 138 163
-8.09 140 161
-7.98 139 162
-7.88 139 162
-7.64 136 165
-7.50 138 163
-7.44 140 161
-7.39 140 161
-7.31 139 162
-7.31 141 160
-7.35 142 159
-7.42 142 159
-7.48 142 159
-7.58 143 158
-7.59 141 160
-7.71 144 157
-7.80 143 158
-7.94 144 157
-8.12 145 156
-8.20 143 158
-8.39 145 156
-8.59 145 156
-8.77 145 156
-9.01 146 155
-9.12 144 157
-9.19 143 158
-9.54 148 153
-9.84 147 154
-10.12 147 154
-10.30 145 156
-10.55 146 155
-10.65 144 157
-10.83 145 156
-10.91 143 158
-10.91 142 159
-10.91 142 159
-10.88 141 160
-10.86 141 160
-10.80 140 161
-10.68 139 162
-10.46 137 164
-10.41 141 160
-10.14 136 165
-10.07 140 161
-9.78 136 165
-9.76 141 160
-9.82 142 159
-9.67 139 162
-9.64 141 160
-9.57 140 161
-9.60 142 159
-9.57 141 160
-9.55 141 160
-9.50 140 161
-9.50 142 159
-9.55 142 159
-9.77 146 155
-9.79 142 159
-9.96 145 156
-10.10 144 157
-10.23 144 157
-10.32 143 158
-10.45 144 157
-10.56 144 157
-10.52 141 160
-10.69 145 156
-10.94 147 154
-11.10 145 156
-11.19 144 157
-11.09 140 161
-10.57 131 170
-10.63 143 158
-10.77 144 157
-11.25 151 150
-11.12 139 162
-11.13 142 159
-11.12 141 160
-10.90 137 164
-10.96 143 158
-10.99 142 159
-11.09 144 157
-10.94 139 162
-10.42 131 170
-10.17 136 165
-10.70 152 149
-10.60 140 161
-11.07 151 150
-11.15 143 158
-11.08 140 161
-11.46 150 151
-11.57 144 157
-11.58 142 159
-11.85 147 154
-12.01 145 156
-12.64 155 146
-12.62 142 159
-12.73 144 157
-12.96 147 154
-13.39 151 150
-13.61 147 154
-13.61 142 159
-13.58 142 159
-13.63 143 158
-13.50 140 161
-13.37 140 161
-13.19 139 162
-13.74 153 148
-13.94 146 155
-14.22 148 153
-14.13 141 160
-13.84 137 164
-15.31 172 129
-15.03 137 164
-14.69 136 165
-14.48 138 163
-14.51 143 158
-14.36 140 161
-14.09 137 164
-13.83 137 164
-13.54 136 165
-13.92 150 151
-14.26 149 152
-14.54 148 153
-14.57 143 158
-14.66 144 157
-14.67 143 158
-14.80 145 156
-14.64 139 162
-14.20 134 167
-14.34 145 156
-14.78 151 150
-14.88 145 156
-14.86 142 159
-14.75 140 161
-14.68 141 160
-15.09 151 150
-15.18 144 157
-14.82 135 166
-14.76 141 160
-14.89 145 156
-14.61 137 164
-14.66 144 157
-14.83 146 155
-15.09 148 153
-14.87 138 163
-14.73 140 161
-14.80 144 157
-15.02 147 154
-15.29 148 153
-15.14 140 161
-15.07 141 160
-15.13 144 157
-15.02 140 161
-15.03 143 158
-15.13 145 156
-15.40 148 153
-15.63 147 154
-15.78 146 155
-16.00 147 154
-16.16 146 155
-16.25 145 156
-16.38 145 156
-16.34 142 159
-16.46 145 156
-16.40 142 159
-16.37 142 159
-16.17 139 162
-16.15 142 159
-16.11 142 159
-15.97 140 161
-15.89 141 160
-15.79 141 160
-15.74 142 159
-15.61 140 161
-15.33 137 164
-14.65 129 172
-14.37 137 164
-14.23 140 161
-13.96 137 164
-13.89 141 160
-13.72 139 162
-13.91 146 155
-13.95 143 158
-13.95 142 159
-13.86 141 160
-13.90 143 158
-13.86 142 159
-13.87 142 159
-13.74 140 161
-13.83 144 157
-13.89 143 158
-13.79 140 161
-13.96 146 155
-13.98 143 158
-14.09 144 157
-14.14 143 158
-14.37 147 154
-14.55 146 155
-14.79 147 154
-14.91 145 156
-15.07 146 155
-15.38 149 152
-15.44 144 157
-15.65 147 154
-15.60 142 159
-15.61 143 158
-15.65 143 158
-15.80 146 155
-15.71 141 160
-15.80 144 157
-15.88 144 157
-15.97 145 156
-15.96 143 158
-15.94 142 159
-15.88 141 160
-15.86 142 159
-15.81 142 159
-15.75 141 160
-15.64 140 161
-15.65 143 158
-15.52 140 161
-15.49 142 159
-15.33 139 162
-14.82 132 169
-14.91 144 157
-14.91 143 158
-14.88 142 159
-15.23 150 151
-14.81 134 167
-14.35 133 168
-14.13 138 163
-13.93 138 163
-14.13 146 155
-13.63 132 169
-13.83 146 155
-13.96 145 156
-13.73 138 163
-13.57 139 162
-13.47 140 161
-13.73 147 154
-13.64 141 160
-13.68 143 158
-14.16 152 149
-14.91 158 143
-15.56 155 146
-15.76 147 154
-16.63 160 141
-18.21 175 126
-19.13 162 139
-19.62 153 148
-19.96 150 151
-20.16 148 153
-20.51 151 150
-20.34 140 161
-20.74 152 149
-20.89 147 154
-20.92 144 157
-21.26 151 150
-21.56 150 151
-22.72 167 134
-22.46 139 162
-22.53 146 155
-22.04 134 167
-21.37 130 171
-21.24 141 160
-21.22 143 158
-20.64 132 169
-20.66 144 157
-20.12 133 168
-19.99 141 160
-19.30 130 171
-18.77 133 168
-18.21 132 169
-17.54 129 172
-16.81 128 173
-16.61 139 162
-16.66 144 157
-15.81 126 175
-15.23 131 170
-14.94 137 164
-14.85 141 160
-15.54 157 144
-15.10 134 167
-15.10 143 158
-14.96 140 161
-14.37 131 170
-14.31 141 160
-14.04 137 164
-14.10 143 158
-13.60 132 169
-13.14 133 168
-13.15 142 159
-13.01 139 162
-12.77 137 164
-12.64 140 161
-12.55 140 161
-12.61 143 158
-12.45 139 162
-12.50 143 158
-12.69 146 155
-12.76 144 157
-13.09 149 152
-13.33 147 154
-13.78 151 150
-13.85 144 157
-14.28 151 150
-14.54 148 153
-14.92 150 151
-14.82 140 161
-15.36 153 148
-15.71 150 151
-16.17 152 149
-16.55 150 151
-16.94 151 150
-17.29 150 151
-17.63 150 151
-17.90 148 153
-18.29 151 150
-18.54 148 153
-18.73 147 154
-18.90 147 154
-18.96 145 156
-19.10 146 155
-18.98 141 160
-19.07 145 156
-19.02 142 159
-19.08 144 157
-18.86 139 162
-18.69 140 161
-18.44 138 163
-18.02 135 166
-17.95 142 159
-17.80 140 161
-17.41 135 166
-17.12 137 164
-16.98 140 161
-16.77 139 162
-16.14 130 171
-15.66 133 168
-15.53 140 161
-15.15 135 166
-14.78 135 166
-14.46 136 165
-14.18 137 164
-13.87 136 165
-13.37 132 169
-12.94 133 168
-12.59 135 166
-12.49 140 161
-12.22 137 164
-11.91 136 165
-11.73 138 163
-11.51 138 163
-11.47 141 160
-11.41 141 160
-11.23 138 163
-11.18 141 160
-11.12 140 161
-11.12 142 159
-11.13 142 159
-11.18 143 158
-11.29 144 157
-11.42 144 157
-11.60 145 156
-11.83 146 155
-12.11 148 153
-12.53 150 151
-12.70 145 156
-13.07 150 151
-13.55 152 149
-13.94 150 151
-14.34 150 151
-14.49 145 156
-14.85 150 151
-15.22 150 151
-15.38 146 155
-15.56 146 155
-15.93 150 151
-16.29 150 151
-16.33 144 157
-16.42 145 156
-16.68 148 153
-16.66 142 159
-16.73 144 157
-16.47 138 163
-16.33 140 161
-16.15 139 162
-16.16 143 158
-15.99 139 162
-15.78 138 163
-15.65 140 161
-15.52 140 161
-15.19 136 165
-14.97 138 163
-14.84 140 161
-14.52 136 165
-14.26 137 164
-13.94 136 165
-13.58 135 166
-13.26 136 165
-13.05 138 163
-13.09 143 158
-12.67 134 167
-12.42 137 164
-12.19 137 164
-12.09 140 161
-11.85 137 164
-11.72 139 162
-11.53 138 163
-11.44 140 161
-11.32 139 162
-11.39 143 158
-11.22 138 163
-11.21 142 159
-11.24 142 159
-11.28 143 158
-11.48 146 155
-11.61 144 157
-11.92 148 153
-12.06 145 156
-12.46 150 151
-12.64 146 155
-12.96 149 152
-13.36 150 151
-13.81 151 150
-14.20 150 151
-14.44 147 154
-14.81 150 151
-15.08 148 153
-15.32 147 154
-15.59 148 153
-15.69 145 156
-15.82 145 156
-16.09 148 153
-16.31 147 154
-16.33 143 158
-16.55 147 154
-16.49 142 159
-16.48 142 159
-16.54 144 157
-16.63 145 156
-16.76 145 156
-16.72 142 159
-16.60 140 161
-16.41 139 162
-16.03 135 166
-15.50 132 169
-15.11 135 166
-14.85 137 164
-14.80 142 159
-14.58 138 163
-14.11 133 168
-13.55 131 170
-13.23 136 165
-12.63 130 171
-12.28 135 166
-11.89 134 167
-11.92 143 158
-11.29 129 172
-10.87 133 168
-10.48 134 167
-11.05 153 148
-10.80 137 164
-10.54 136 165
-10.54 142 159
-10.49 141 160
-10.52 142 159
-10.43 140 161
-10.88 151 150
-11.29 150 151
-11.72 150 151
-12.35 154 147
-12.42 143 158
-12.87 151 150
-13.60 157 144
-14.37 158 143
-15.25 160 141
-15.48 147 154
-16.00 153 148
-16.11 145 156
-17.89 179 122
-18.61 158 143
-18.91 149 152
-19.52 156 145
-19.57 144 157
-20.21 156 145
-20.95 158 143
-21.15 148 153
-21.90 159 142
-21.46 135 166
-21.65 148 153
-21.27 136 165
-20.82 135 166
-20.72 142 159
-20.04 130 171
-20.04 143 158
-20.00 143 158
-19.20 127 174
-18.39 127 174
-17.74 130 171
-17.24 133 168
-17.13 141 160
-16.60 132 169
-16.59 142 159
-16.17 134 167
-15.48 129 172
-14.75 128 173
-13.96 126 175
-13.72 137 164
-13.41 136 165
-12.61 126 175
-11.83 126 175
-11.11 127 174
-10.70 133 168
-9.72 122 179
-9.03 127 174
-8.56 132 169
-8.07 131 170
-7.92 138 163
-7.53 133 168
-7.18 134 167
-6.93 136 165
-6.55 133 168
-6.36 137 164
-6.45 143 158
-6.26 137 164
-6.31 142 159
-6.48 144 157
-6.78 147 154
-7.22 150 151
-7.38 144 157
-7.79 149 152
-8.15 148 153
-8.40 146 155
-8.70 147 154
-9.40 155 146
-9.92 152 149
-10.03 144 157
-10.12 143 158
-10.68 153 148
-11.03 149 152
-11.45 150 151
-12.09 155 146
-12.34 147 154
-12.61 147 154
-13.17 153 148
-13.54 150 151
-13.79 147 154
-14.19 150 151
-14.37 146 155
-14.64 148 153
-14.77 145 156
-14.93 146 155
-15.21 148 153
-15.42 147 154
-15.28 140 161
-14.94 136 165
-15.01 144 157
-14.65 135 166
-14.47 139 162
-14.23 138 163
-14.26 143 158
-14.12 140 161
-13.90 138 163
-13.74 139 162
-13.42 136 165
-13.23 138 163
-13.08 139 162
-12.68 134 167
-12.40 136 165
-11.98 134 167
-11.90 140 161
-11.53 134 167
-11.33 138 163
-11.18 139 162
-10.97 138 163
-10.73 137 164
-10.38 134 167
-10.10 136 165
-9.76 135 166
-9.73 141 160
-9.52 137 164
-9.33 137 164
-9.05 136 165
-9.02 141 160
-8.98 141 160
-8.90 140 161
-8.91 141 160
-8.94 142 159
-9.03 143 158
-9.07 142 159
-9.14 143 158
-9.34 145 156
-9.58 146 155
-9.85 147 154
-10.26 150 151
-10.48 146 155
-10.78 148 153
-11.18 150 151
-11.53 149 152
-12.19 155 146
-12.54 149 152
-12.58 143 158
-12.93 149 152
-13.16 147 154
-13.38 147 154
-13.77 150 151
-14.19 151 150
-14.42 147 154
-14.54 145 156
-14.76 147 154
-14.95 146 155
-15.13 146 155
-15.08 142 159
-15.04 142 159
-14.98 141 160
-14.68 136 165
-14.46 138 163
-14.19 137 164
-14.15 142 159
-13.93 138 163
-13.72 138 163
-13.57 139 162
-13.21 135 166
-12.99 138 163
-12.78 138 163
-12.60 138 163
-12.29 136 165
-12.07 138 163
-11.63 133 168
-11.33 136 165
-11.21 139 162
-11.02 138 163
-10.89 139 162
-10.74 139 162
-10.72 141 160
-10.63 140 161
-10.50 139 162
-10.59 143 158
-10.48 140 161
-10.51 142 159
-10.42 140 161
-10.46 142 159
-10.62 145 156
-10.68 143 158
-10.70 142 159
-10.90 146 155
-11.13 146 155
-11.35 146 155
-11.50 145 156
-11.81 148 153
-12.11 148 153
-12.22 144 157
-12.50 148 153
-12.29 138 163
-12.65 149 152
-13.11 151 150
-13.30 146 155
-13.61 148 153
-13.91 148 153
-13.94 143 158
-14.13 146 155
-14.19 143 158
-14.53 149 152
-14.62 144 157
-14.91 148 153
-15.09 146 155
-15.26 146 155
-15.52 148 153
-15.68 146 155
-15.82 145 156
-15.83 143 158
-15.81 142 159
-15.89 144 157
-15.92 143 158
-15.86 141 160
-15.57 137 164
-15.45 140 161
-15.26 139 162
-14.99 137 164
-14.85 139 162
-14.53 136 165
-14.19 136 165
-13.88 136 165
-13.70 139 162
-12.94 127 174
-12.82 140 161
-12.52 136 165
-12.17 135 166
-11.59 130 171
-11.39 138 163
-10.95 133 168
-10.55 133 168
-10.36 138 163
-10.10 136 165
-10.37 147 154
-10.06 135 166
-10.05 141 160
-10.38 148 153
-10.31 140 161
-10.49 145 156
-10.69 146 155
-11.06 149 152
-11.27 146 155
-11.50 146 155
-11.59 144 157
-12.18 154 147
-12.88 156 145
-13.84 162 139
-14.88 163 138
-15.32 151 150
-15.60 148 153
-16.01 151 150
-16.36 150 151
-16.30 142 159
-17.01 157 144
-17.41 151 150
-19.29 181 120
-19.50 148 153
-20.13 156 145
-20.40 149 152
-20.49 145 156
-21.54 165 136
-21.62 146 155
-21.12 134 167
-20.85 138 163
-20.96 146 155
-21.26 150 151
-20.59 130 171
-20.15 135 166
-19.45 129 172
-19.58 146 155
-18.74 126 175
-18.30 134 167
-17.79 133 168
-17.01 127 174
-16.47 132 169
-16.03 134 167
-15.32 128 173
-14.73 131 170
-14.15 131 170
-13.57 131 170
-13.09 132 169
-12.81 136 165
-12.08 127 174
-11.72 135 166
-10.49 117 184
-9.59 123 178
-8.86 127 174
-8.85 141 160
-8.12 127 174
-7.75 133 168
-7.83 143 158
-7.56 136 165
-7.21 134 167
-7.51 147 154
-7.17 134 167
-7.15 141 160
-6.95 137 164
-6.90 140 161
-6.85 140 161
-6.96 143 158
-7.39 150 151
-7.79 149 152
-7.79 141 160
-8.14 148 153
-8.40 146 155
-8.46 142 159
-8.84 149 152
-9.20 148 153
-9.87 155 146
-10.34 151 150
-10.66 148 153
-11.08 150 151
-11.74 155 146
-12.33 154 147
-12.81 152 149
-13.17 149 152
-13.74 154 147
-14.40 156 145
-14.96 154 147
-15.41 152 149
-15.97 154 147
-16.24 148 153
-16.49 148 153
-16.98 153 148
-17.83 160 141
-18.21 151 150
-18.39 147 154
-18.02 136 165
-17.71 137 164
-17.94 148 153
-16.93 123 178
-16.54 135 166
-16.49 142 159
-15.92 131 170
-15.56 135 166
-14.79 127 174
-14.27 132 169
-13.67 130 171
-13.03 129 172
-12.51 132 169
-11.89 129 172
-11.07 125 176
-10.48 130 171
-9.86 129 172
-9.67 138 163
-8.47 117 184
-7.89 130 171
-7.40 131 170
-6.88 131 170
-5.98 123 178
-5.33 128 173
-4.81 130 171
-4.07 125 176
-3.67 132 169
-3.27 132 169
-2.75 130 171
-2.70 139 162
-2.47 135 166
-2.36 138 163
-2.22 137 164
-2.10 137 164
-2.12 140 161
-2.29 143 158
-2.55 145 156
-3.01 149 152
-3.61 152 149
-3.88 146 155
-4.12 145 156
-5.03 159 142
-5.47 149 152
-6.41 160 141
-7.43 161 140
-9.08 174 127
-10.10 162 139
-10.57 151 150
-11.20 154 147
-12.81 174 127
-13.82 162 139
-13.70 140 161
-14.31 155 146
-15.10 158 143
-16.66 174 127
-16.05 130 171
-16.11 144 157
-16.54 151 150
-16.85 149 152
-17.23 150 151
-17.08 140 161
-16.57 133 168
-15.91 129 172
-15.33 131 170
-14.68 129 172
-13.82 125 176
-13.07 127 174
-12.32 127 174
-11.96 135 166
-11.62 135 166
-11.19 133 168
-10.61 130 171
-9.93 128 173
-9.72 137 164
-9.03 128 173
-8.25 126 175
-7.49 126 175
-6.84 128 173
-6.28 130 171
-6.00 135 166
-5.92 139 162
-5.32 129 172
-4.79 130 171
-4.17 128 173
-3.69 131 170
-3.92 145 156
-4.00 142 159
-3.56 131 170
-3.87 146 155
-4.21 147 154
-4.13 139 162
-3.98 137 164
-4.42 149 152
-4.79 148 153
-5.22 149 152
-5.79 152 149
-6.04 146 155
-6.87 157 144
-7.42 152 149
-7.75 148 153
-8.26 151 150
-8.73 151 150
-9.59 159 142
-10.45 159 142
-11.26 158 143
-11.82 153 148
-13.09 168 133
-13.61 153 148
-14.64 163 138
-15.61 162 139
-17.23 175 126
-17.45 148 153
-17.83 151 150
-17.76 142 159
-17.75 143 158
-17.44 137 164
-17.19 138 163
-17.09 141 160
-17.34 148 153
-16.62 128 173
-16.00 130 171
-15.57 134 167
-14.62 123 178
-13.80 126 175
-14.36 154 147
-13.36 122 179
-12.73 129 172
-11.72 122 179
-10.88 125 176
-10.44 133 168
-9.69 126 175
-8.74 122 179
-8.31 133 168
-7.30 121 180
-6.33 122 179
-5.39 122 179
-4.76 128 173
-4.18 129 172
-3.24 121 180
-2.74 130 171
-2.00 125 176
-1.58 131 170
-1.24 133 168
-0.46 124 177
-0.51 141 160
-0.64 142 159
-0.68 140 161
-0.68 140 161
-1.08 148 153
-1.41 146 155
-2.22 156 145
-2.54 146 155
-2.91 147 154
-3.29 148 153
-3.39 142 159
-3.93 151 150
-4.73 156 145
-6.05 167 134
-6.86 157 144
-7.60 156 145
-8.37 156 145
-9.07 155 146
-10.42 169 132
-10.62 146 155
-11.18 153 148
-12.63 171 130
-13.08 151 150
-13.67 154 147
-14.06 150 151
-12.56 112 189
-13.41 159 142
-14.51 164 137
-16.03 173 128
-15.94 141 160
-16.19 148 153
-16.06 140 161
-15.27 127 174
-15.06 138 163
-14.62 134 167
-14.66 143 158
-14.48 139 162
-14.14 136 165
-14.09 141 160
-13.85 138 163
-13.23 130 171
-12.33 124 177
-11.54 126 175
-10.94 130 171
-10.97 142 159
-10.53 133 168
-10.11 133 168
-9.56 130 171
-8.81 126 175
-8.75 140 161
-8.35 133 168
-8.03 135 166
-7.95 140 161
-7.17 125 176
-6.16 121 180
-5.65 130 171
-5.03 128 173
-4.58 131 170
-3.94 128 173
-3.29 127 174
-3.00 134 167
-2.60 132 169
-2.67 141 160
-2.47 136 165
-2.68 144 157
-2.69 140 161
-2.64 139 162
-3.01 147 154
-3.23 145 156
-3.83 152 149
-3.95 143 158
-4.22 146 155
-4.85 153 148
-5.42 152 149
-6.17 156 145
-7.01 158 143
-8.01 161 140
-8.83 158 143
-10.07 166 135
-10.43 149 152
-11.23 158 143
-11.91 155 146
-12.29 150 151
-12.82 153 148
-12.97 145 156
-12.52 133 168
-13.70 166 135
-14.24 153 148
-14.40 146 155
-14.97 154 147
-15.33 150 151
-15.58 148 153
-15.55 142 159
-15.07 133 168
-15.11 143 158
-14.74 135 166
-14.13 130 171
-13.92 138 163
-13.73 138 163
-13.41 136 165
-13.03 134 167
-12.15 124 177
-11.84 136 165
-11.36 132 169
-10.85 131 170
-10.32 131 170
-9.93 134 167
-9.39 131 170
-8.85 130 171
-8.38 132 169
-8.05 134 167
-7.24 125 176
-6.86 133 168
-6.27 129 172
-5.88 133 168
-5.81 139 162
-5.66 138 163
-5.43 136 165
-5.03 132 169
-4.80 136 165
-4.54 135 166
-4.37 137 164
-4.13 136 165
-4.07 139 162
-4.00 139 162
-3.85 137 164
-3.84 140 161
-3.90 141 160
-3.84 139 162
-4.05 145 156
-4.10 141 160
-4.29 144 157
-4.52 145 156
-4.84 147 154
-5.26 149 152
-5.53 146 155
-5.87 148 153
-6.31 150 151
-7.04 155 146
-7.57 152 149
-8.17 153 148
-8.60 150 151
-9.18 153 148
-9.68 151 150
-10.40 156 145
-10.90 152 149
-11.30 150 151
-12.13 159 142
-12.55 150 151
-12.93 150 151
-13.32 150 151
-13.38 144 157
-13.66 148 153
-14.74 164 137
-14.85 145 156
-14.96 145 156
-14.72 138 163
-14.72 143 158
-15.37 156 145
-14.95 134 167
-14.75 139 162
-14.11 129 172
-13.44 129 172
-13.17 137 164
-12.70 133 168
-12.20 132 169
-11.46 127 174
-10.76 128 173
-10.24 131 170
-9.81 133 168
-9.27 130 171
-8.66 129 172
-8.06 129 172
-7.54 131 170
-6.74 125 176
-6.00 126 175
-4.97 120 181
-4.67 134 167
-4.23 132 169
-3.80 132 169
-3.35 131 170
-3.53 144 157
-3.17 133 168
-3.08 138 163
-2.45 127 174
-2.42 139 162
-2.29 137 164
-2.14 137 164
-2.05 138 163
-1.88 136 165
-1.91 141 160
-2.18 145 156
-2.28 142 159
-2.97 154 147
-3.51 151 150
-4.17 154 147
-4.70 151 150
-5.11 149 152
-6.23 163 138
-6.69 150 151
-7.51 157 144
-8.88 169 132
-9.79 160 141
-10.16 149 152
-10.98 158 143
-11.92 161 140
-12.79 160 141
-13.45 155 146
-14.77 169 132
-15.14 150 151
-15.40 148 153
-16.52 165 136
-16.66 146 155
-16.31 136 165
-16.14 139 162
-16.13 143 158
-16.74 155 146
-16.19 132 169
-16.01 139 162
-15.66 136 165
-14.79 125 176
-14.73 141 160
-14.36 135 166
-13.94 134 167
-13.22 128 173
-12.60 130 171
-12.08 131 170
-11.14 123 178
-10.89 137 164
-10.30 130 171
-9.74 130 171
-9.22 131 170
-8.62 129 172
-7.95 128 173
-7.31 128 173
-6.86 132 169
-6.37 131 170
-6.24 138 163
-5.50 126 175
-5.10 133 168
-4.96 138 163
-4.53 132 169
-4.01 130 171
-4.26 145 156
-4.07 137 164
-4.06 140 161
-3.86 136 165
-3.77 138 163
-4.31 151 150
-4.52 145 156
-4.61 142 159
-4.88 146 155
-5.18 147 154
-5.98 157 144
-6.08 143 158
-6.99 159 142
-8.06 162 139
-8.69 154 147
-10.55 179 122
-11.14 153 148
-11.59 151 150
-12.14 153 148
-12.54 150 151
-13.13 154 147
-13.48 149 152
-14.57 164 137
-14.80 147 154
-14.93 145 156
-14.93 142 159
-14.75 139 162
-15.25 153 148
-15.19 141 160
-14.83 135 166
-14.80 142 159
-14.70 140 161
-14.97 148 153
-14.80 139 162
-14.58 138 163
-14.36 138 163
-14.30 141 160
-14.27 142 159
-14.04 138 163
-13.81 138 163
-13.77 141 160
-13.54 138 163
-13.38 139 162
-13.08 136 165
-12.90 138 163
-12.89 142 159
-12.54 135 166
-11.97 130 171
-11.74 137 164
-11.81 143 158
-11.59 138 163
-11.45 139 162
-11.31 139 162
-11.15 138 163
-11.16 142 159
-10.99 138 163
-10.98 142 159
-11.17 145 156
-11.26 144 157
-11.31 143 158
-11.52 146 155
-11.75 146 155
-11.74 142 159
-11.97 147 154
-11.75 137 164
-11.82 143 158
-12.10 148 153
-12.27 145 156
-12.49 146 155
-12.39 140 161
-12.53 145 156
-12.51 142 159
-12.84 149 152
-13.34 152 149
-13.73 150 151
-13.88 145 156
-14.03 145 156
-14.31 148 153
-14.39 144 157
-14.58 146 155
-14.81 147 154
-14.88 144 157
-14.88 142 159
-14.89 143 158
-15.24 150 151
-15.37 145 156
-15.36 142 159
-15.38 143 158
-15.37 142 159
-15.28 141 160
-15.39 145 156
-15.31 141 160
-15.28 142 159
-15.20 141 160
-14.96 138 163
-14.74 138 163
-14.60 140 161
-14.47 140 161
-14.16 136 165
-13.86 136 165
-13.48 135 166
-13.17 136 165
-12.84 136 165
-12.54 136 165
-12.51 141 160
-12.32 138 163
-12.20 140 161
-12.07 139 162
-11.93 139 162
-11.78 139 162
-11.52 137 164
-11.42 140 161
-11.46 143 158
-11.54 143 158
-11.63 144 157
-11.61 142 159
-11.63 142 159
-11.84 146 155
-11.92 144 157
-12.15 147 154
-12.16 142 159
-12.44 148 153
-12.53 144 157
-12.66 145 156
-12.77 144 157
-13.01 147 154
-12.93 140 161
-13.19 147 154
-13.29 144 157
-13.56 148 153
-13.73 146 155
-13.97 147 154
-14.09 145 156
-14.26 146 155
-14.32 143 158
-14.49 146 155
-14.54 143 158
-14.63 144 157
-14.79 146 155
-14.74 142 159
-14.90 146 155
-15.00 144 157
-15.11 145 156
-15.14 143 158
-15.09 142 159
-15.11 143 158
-15.21 145 156
-15.04 139 162
-14.90 140 161
-14.77 140 161
-14.53 138 163
-14.30 138 163
-14.05 137 164
-13.88 139 162
-13.83 141 160
-13.64 138 163
-13.61 141 160
-13.42 138 163
-13.29 140 161
-13.23 141 160
-12.98 137 164
-12.83 139 162
-12.46 134 167
-12.27 138 163
-12.13 139 162
-12.01 140 161
-11.90 140 161
-11.73 138 163
-11.72 142 159
-11.78 143 158
-11.82 143 158
-11.85 143 158
-11.97 144 157
-11.97 142 159
-12.15 146 155
-12.32 145 156
-12.49 145 156
-12.62 145 156
-12.89 147 154
-13.13 147 154
-13.58 151 150
-13.78 146 155
-14.08 148 153
-14.21 145 156
-14.35 145 156
-14.46 144 157
-14.59 145 156
-14.80 147 154
-14.93 145 156
-15.16 147 154
-15.14 142 159
-15.17 143 158
-15.15 142 159
-15.30 145 156
-15.15 140 161
-15.10 142 159
-15.04 141 160
-14.85 139 162
-14.80 142 159
-14.94 145 156
-14.85 140 161
-14.83 142 159
-14.70 140 161
-14.43 137 164
-14.38 141 160
-14.24 139 162
-13.59 129 172
-13.30 136 165
-12.89 134 167
-12.81 140 161
-12.83 142 159
-12.89 143 158
-13.12 147 154
-12.94 138 163
-13.17 147 154
-13.05 140 161
-13.22 146 155
-13.01 138 163
-12.77 137 164
-12.27 132 169
-12.38 144 157
-13.07 156 145
-13.33 147 154
-13.55 147 154
-13.57 142 159
-13.92 149 152
-14.37 151 150
-14.74 150 151
-15.10 150 151
-15.60 153 148
-15.88 148 153
-16.41 153 148
-17.09 157 144
-17.67 155 146
-17.99 150 151
-18.27 149 152
-18.19 141 160
-18.57 151 150
-19.19 156 145
-19.86 157 144
-20.43 155 146
-20.84 152 149
-21.07 148 153
-21.04 143 158
-21.17 146 155
-21.21 144 157
-21.36 147 154
-20.81 133 168
-20.98 147 154
-20.73 139 162
-20.42 137 164
-20.17 139 162
-19.98 140 161
-19.57 135 166
-19.19 136 165
-19.02 140 161
-18.44 132 169
-17.87 132 169
-17.36 133 168
-16.82 132 169
-15.98 126 175
-15.38 131 170
-14.87 132 169
-14.08 127 174
-14.15 144 157
-13.55 130 171
-12.98 131 170
-12.32 129 172
-11.94 134 167
-11.80 139 162
-11.25 131 170
-10.56 128 173
-10.32 137 164
-10.75 150 151
-10.24 131 170
-9.99 136 165
-9.65 135 166
-9.38 136 165
-9.31 140 161
-9.49 145 156
-9.52 142 159
-9.27 136 165
-9.60 148 153
-9.93 148 153
-10.09 145 156
-10.24 144 157
-10.87 154 147
-11.43 153 148
-12.32 160 141
-12.79 151 150
-13.30 152 149
-13.60 148 153
-14.19 154 147
-14.61 151 150
-15.10 152 149
-15.56 152 149
-15.64 144 157
-16.13 153 148
-16.45 149 152
-16.72 148 153
-17.07 150 151
-17.42 150 151
-17.61 147 154
-17.79 147 154
-18.02 148 153
-17.88 140 161
-17.87 143 158
-17.70 140 161
-17.55 140 161
-17.52 142 159
-17.35 139 162
-17.04 137 164
-16.81 138 163
-16.35 134 167
-15.95 135 166
-15.64 137 164
-15.36 137 164
-15.20 139 162
-15.05 139 162
-14.61 134 167
-14.21 134 167
-13.84 135 166
-13.08 127 174
-12.37 128 173
-11.97 134 167
-11.50 132 169
-11.31 138 163
-11.01 136 165
-10.83 138 163
-10.45 134 167
-10.10 135 166
-10.09 141 160
-9.81 136 165
-9.51 135 166
-9.47 141 160
-9.46 141 160
-9.36 140 161
-9.38 142 159
-9.43 143 158
-9.42 141 160
-9.42 141 160
-9.55 144 157
-9.73 145 156
-9.85 144 157
-10.15 147 154
-10.46 148 153
-10.72 147 154
-11.08 149 152
-11.20 144 157
-11.71 152 149
-12.24 153 148
-12.68 151 150
-13.19 152 149
-13.44 147 154
-13.70 147 154
-13.96 148 153
-14.49 153 148
-14.80 149 152
-15.18 150 151
-15.48 149 152
-15.90 151 150
-16.19 149 152
-16.44 148 153
-16.58 146 155
-16.68 145 156
-16.79 145 156
-16.62 139 162
-16.56 142 159
-16.30 138 163
-16.10 139 162
-15.90 139 162
-15.57 136 165
-15.46 140 161
-15.13 136 165
-14.70 134 167
-14.47 138 163
-14.03 133 168
-13.57 133 168
-13.02 131 170
-12.57 133 168
-12.12 133 168
-11.90 138 163
-11.17 127 174
-10.53 129 172
-10.33 138 163
-10.20 139 162
-9.89 135 166
-9.67 137 164
-9.39 136 165
-9.04 134 167
-8.69 134 167
-8.69 141 160
-8.59 139 162
-8.72 144 157
-8.59 139 162
-8.67 143 158
-8.88 146 155
-9.37 151 150
-9.95 153 148
-10.03 143 158
-10.55 152 149
-10.78 146 155
-11.33 153 148
-12.12 158 143
-13.10 162 139
-13.71 154 147
-14.35 155 146
-14.99 155 146
-15.52 153 148
-16.20 156 145
-17.15 162 139
-17.35 147 154
-17.93 155 146
-19.15 168 133
-18.95 139 162
-20.07 166 135
-21.03 163 138
-20.94 142 159
-22.38 173 128
-22.21 141 160
-22.58 152 149
-22.05 133 168
-22.33 150 151
-21.92 136 165
-21.99 145 156
-22.28 150 151
-21.72 132 169
-21.11 132 169
-20.36 129 172
-20.65 149 152
-20.40 139 162
-19.48 125 176
-18.78 129 172
-17.91 126 175
-17.13 127 174
-15.97 119 182
-15.83 140 161
-15.25 131 170
-14.76 133 168
-14.17 131 170
-13.61 131 170
-12.97 129 172
-12.04 123 178
-11.30 127 174
-10.72 130 171
-10.38 135 166
-9.79 130 171
-9.58 137 164
-9.48 139 162
-9.41 140 161
-9.44 142 159
-9.51 143 158
-9.47 141 160
-9.57 143 158
-9.59 142 159
-9.79 145 156
-10.03 146 155
-10.36 148 153
-11.10 157 144
-11.67 153 148
-12.67 162 139
-13.19 153 148
-13.49 148 153
-14.29 158 143
-15.17 160 141
-15.61 151 150
-16.59 162 139
-17.22 156 145
-17.96 158 143
-18.54 155 146
-18.54 143 158
-18.74 147 154
-18.65 141 160
-18.81 146 155
-19.26 152 149
-19.78 154 147
-19.42 136 165
-19.48 144 157
-19.56 145 156
-19.83 149 152
-19.62 139 162
-19.18 135 166
-19.70 154 147
-20.61 162 139
-20.33 138 163
-19.49 127 174
-18.63 126 175
-17.69 124 177
-17.06 130 171
-16.25 127 174
-15.42 126 175
-14.40 122 179
-14.57 146 155
-14.49 141 160
-14.08 134 167
-13.97 140 161
-13.12 125 176
-12.72 134 167
-12.02 128 173
-11.57 133 168
-10.82 127 174
-10.37 133 168
-9.93 133 168
-9.28 128 173
-9.21 140 161
-9.14 140 161
-8.90 137 164
-8.82 140 161
-8.77 140 161
-9.54 157 144
-9.65 144 157
-9.99 148 153
-10.04 142 159
-10.06 142 159
-11.01 161 140
-11.95 161 140
-12.23 147 154
-12.97 157 144
-13.07 144 157
-13.18 144 157
-13.55 150 151
-13.77 147 154
-14.37 154 147
-14.86 152 149
-15.88 163 138
-16.33 152 149
-17.13 159 142
-17.36 148 153
-17.28 141 160
-17.48 147 154
-17.35 140 161
-17.35 143 158
-17.63 149 152
-17.61 143 158
-17.84 148 153
-17.69 140 161
-17.41 137 164
-17.33 141 160
-16.95 135 166
-16.86 141 160
-16.67 139 162
-16.49 139 162
-16.16 136 165
-15.70 133 168
-15.23 133 168
-15.04 139 162
-14.73 136 165
-14.33 134 167
-14.11 138 163
-13.59 132 169
-13.24 135 166
-13.13 140 161
-12.69 133 168
-12.31 134 167
-11.93 134 167
-11.46 132 169
-11.27 138 163
-11.19 140 161
-11.02 138 163
-11.05 142 159
-11.00 141 160
-11.05 143 158
-10.96 140 161
-11.01 143 158
-11.10 144 157
-11.19 143 158
-11.38 146 155
-11.47 144 157
-11.61 145 156
-11.71 144 157
-11.96 147 154
-12.13 145 156
-12.20 143 158
-12.32 144 157
-12.68 149 152
-12.94 147 154
-13.25 148 153
-13.68 151 150
-13.81 145 156
-14.04 147 154
-14.26 147 154
-14.56 148 153
-14.54 142 159
-14.68 145 156
-14.86 146 155
-15.30 151 150
-15.51 147 154
-15.58 144 157
-15.67 145 156
-15.75 144 157
-15.90 146 155
-15.92 143 158
-15.82 141 160
-15.78 142 159
-15.72 142 159
-15.58 140 161
-15.51 141 160
-15.27 138 163
-15.01 137 164
-14.83 139 162
-14.71 140 161
-14.67 141 160
-14.27 135 166
-14.00 137 164
-13.87 140 161
-13.30 131 170
-13.05 137 164
-12.76 136 165
-12.73 142 159
-12.28 133 168
-12.11 139 162
-11.94 139 162
-11.75 138 163
-12.11 149 152
-12.13 142 159
-11.88 137 164
-11.87 142 159
-11.56 136 165
-11.69 144 157
-11.84 145 156
-12.09 147 154
-12.47 150 151
-13.01 153 148
-14.33 169 132
-15.09 158 143
-15.62 153 148
-15.76 145 156
-15.88 145 156
-16.33 152 149
-17.03 157 144
-17.23 147 154
-17.41 147 154
-18.18 159 142
-18.63 152 149
-19.15 154 147
-19.78 156 145
-20.07 149 152
-20.61 154 147
-20.85 148 153
-20.49 136 165
-21.01 154 147
-22.09 165 136
-22.91 161 140
-22.80 142 159
-22.28 133 168
-22.43 147 154
-23.49 165 136
-23.46 144 157
-23.64 148 153
-23.41 140 161
-22.79 132 169
-22.60 140 161
-22.40 140 161
-21.74 130 171
-21.05 130 171
-19.60 114 187
-18.90 129 172
-18.12 128 173
-17.37 128 173
-16.65 128 173
-15.74 124 177
-14.69 122 179
-14.38 136 165
-13.90 133 168
-13.35 131 170
-12.54 126 175
-11.99 131 170
-11.62 134 167
-11.06 131 170
-10.94 139 162
-10.72 137 164
-10.50 137 164
-10.02 132 169
-10.26 147 154
-9.82 133 168
-10.22 149 152
-10.36 144 157
-10.64 147 154
-10.98 149 152
-11.50 152 149
-12.06 153 148
-12.23 145 156
-12.95 156 145
-13.37 151 150
-14.00 155 146
-14.56 154 147
-14.96 151 150
-15.69 157 144
-16.00 149 152
-16.38 150 151
-16.45 144 157
-16.72 148 153
-16.76 144 157
-16.84 144 157
-17.50 156 145
-17.92 152 149
-18.17 148 153
-18.62 152 149
-19.00 151 150
-19.07 145 156
-19.76 157 144
-20.23 153 148
-20.02 139 162
-19.90 141 160
-20.08 147 154
-19.59 134 167
-18.94 130 171
-18.47 134 167
-18.41 142 159
-18.15 138 163
-17.86 137 164
-17.54 137 164
-17.44 141 160
-16.98 134 167
-16.68 137 164
-16.32 136 165
-15.98 136 165
-15.43 132 169
-14.88 131 170
-14.43 133 168
-14.02 134 167
-13.67 135 166
-13.31 135 166
-12.85 133 168
-12.49 135 166
-11.82 128 173
-11.38 133 168
-10.89 132 169
-10.71 138 163
-10.41 136 165
-10.09 135 166
-9.90 138 163
-9.56 135 166
-9.39 138 163
-9.37 141 160
-9.14 137 164
-9.12 141 160
-9.11 141 160
-8.98 139 162
-9.12 144 157
-9.14 142 159
-9.24 143 158
-9.37 144 157
-9.69 148 153
-9.97 147 154
-10.34 149 152
-10.60 147 154
-10.87 147 154
-11.36 152 149
-11.60 147 154
-11.70 144 157
-11.96 147 154
-12.40 151 150
-12.44 143 158
-12.80 149 152
-13.09 148 153
-13.47 150 151
-13.93 151 150
-14.36 151 150
-14.65 148 153
-14.90 148 153
-15.13 147 154
-15.34 147 154
-15.40 144 157
-15.40 143 158
-15.48 144 157
-15.43 141 160
-15.42 142 159
-15.16 137 164
-15.22 144 157
-15.26 143 158
-15.16 141 160
-15.03 140 161
-14.96 141 160
-14.74 138 163
-14.70 142 159
-14.68 142 159
-14.57 140 161
-14.47 140 161
-14.13 136 165
-13.84 136 165
-13.65 138 163
-12.99 129 172
-13.02 143 158
-12.56 133 168
-12.26 136 165
-12.05 138 163
-11.89 139 162
-11.61 136 165
-11.42 138 163
-11.00 133 168
-10.81 138 163
-11.35 153 148
-11.49 145 156
-11.70 146 155
-11.93 147 154
-11.78 139 162
-11.90 144 157
-11.79 140 161
-12.18 150 151
-12.67 152 149
-12.93 147 154
-12.84 140 161
-13.29 151 150
-14.05 157 144
-14.52 152 149
-15.36 159 142
-15.85 153 148
-16.49 156 145
-17.25 158 143
-17.55 149 152
-18.12 154 147
-18.24 146 155
-18.97 158 143
-20.08 166 135
-20.12 144 157
-20.91 159 142
-21.49 155 146
-22.06 155 146
-22.11 145 156
-21.96 141 160
-22.35 152 149
-22.31 143 158
-22.16 141 160
-21.84 137 164
-22.29 153 148
-22.19 142 159
-22.52 151 150
-21.96 133 168
-21.58 136 165
-21.31 138 163
-20.64 130 171
-20.17 134 167
-19.44 129 172
-18.97 134 167
-18.16 127 174
-17.57 131 170
-17.03 132 169
-16.13 125 176
-15.50 130 171
-14.78 128 173
-13.89 124 177
-13.53 135 166
-12.92 130 171
-12.33 130 171
-12.21 140 161
-11.65 130 171
-10.91 127 174
-10.50 133 168
-10.23 136 165
-9.74 132 169
-9.44 135 166
-9.38 140 161
-9.15 137 164
-8.82 135 166
-8.74 140 161
-8.76 142 159
-8.67 139 162
-9.00 148 153
-9.05 142 159
-9.59 152 149
-9.51 140 161
-9.68 145 156
-10.43 157 144
-10.63 146 155
-11.39 157 144
-11.70 148 153
-12.06 149 152
-12.45 150 151
-13.07 155 146
-13.84 158 143
-14.37 153 148
-15.09 157 144
-15.27 146 155
-15.95 156 145
-16.40 152 149
-17.13 158 143
-17.54 151 150
-18.03 153 148
-18.61 155 146
-18.84 148 153
-19.06 148 153
-18.92 140 161
-19.32 151 150
-19.61 149 152
-19.44 140 161
-19.31 141 160
-19.69 151 150
-19.94 149 152
-19.83 141 160
-19.32 133 168
-18.99 137 164
-18.59 135 166
-18.32 138 163
-17.80 133 168
-17.30 133 168
-16.88 134 167
-16.43 134 167
-15.71 128 173
-15.12 131 170
-14.59 132 169
-14.14 133 168
-13.43 128 173
-13.09 135 166
-12.78 136 165
-12.58 138 163
-12.00 130 171
-11.13 124 177
-10.29 125 176
-9.79 132 169
-9.14 128 173
-8.53 129 172
-8.10 133 168
-7.74 134 167
-7.45 135 166
-7.01 132 169
-6.77 136 165
-6.58 137 164
-6.38 137 164
-6.23 138 163
-6.07 138 163
-6.00 139 162
-5.99 140 161
-6.05 142 159
-6.11 142 159
-6.34 145 156
-6.45 143 158
-6.61 144 157
-6.91 147 154
-7.28 148 153
-7.60 147 154
-7.97 149 152
-8.49 152 149
-8.80 148 153
-9.31 152 149
-9.54 146 155
-9.98 150 151
-10.38 150 151
-10.96 153 148
-11.50 153 148
-12.12 154 147
-12.38 147 154
-12.64 147 154
-12.84 146 155
-13.01 145 156
-13.44 151 150
-13.71 148 153
-13.92 147 154
-14.13 146 155
-14.24 144 157
-14.36 145 156
-14.36 143 158
-14.47 144 157
-14.33 140 161
-14.22 140 161
-13.93 137 164
-13.78 139 162
-13.65 140 161
-13.25 134 167
-12.84 134 167
-12.51 135 166
-12.20 136 165
-12.07 139 162
-11.73 135 166
-11.36 134 167
-11.09 136 165
-10.78 135 166
-10.73 141 160
-10.30 133 168
-10.19 139 162
-10.11 140 161
-9.72 134 167
-9.54 138 163
-9.32 137 164
-9.17 138 163
-8.91 136 165
-8.62 135 166
-8.56 140 161
-8.31 136 165
-8.22 139 162
-8.06 138 163
-8.07 141 160
-8.03 140 161
-8.09 142 159
-8.18 143 158
-8.29 143 158
-8.31 141 160
-8.56 146 155
-8.77 146 155
-9.02 146 155
-9.21 145 156
-9.41 145 156
-9.91 152 149
-10.33 150 151
-10.70 149 152
-11.26 153 148
-11.68 150 151
-12.12 151 150
-12.20 143 158
-12.54 149 152
-12.85 148 153
-13.27 150 151
-13.79 153 148
-14.05 148 153
-14.34 148 153
-14.66 149 152
-15.01 149 152
-15.29 148 153
-15.45 146 155
-15.58 145 156
-15.62 143 158
-15.64 143 158
-15.54 141 160
-15.47 141 160
-15.31 139 162
-15.12 139 162
-15.13 143 158
-14.81 136 165
-14.33 133 168
-14.18 139 162
-13.77 134 167
-13.33 133 168
-12.85 133 168
-12.33 131 170
-12.06 137 164
-11.69 134 167
-11.42 136 165
-10.76 129 172
-10.42 135 166
-10.19 137 164
-9.80 134 167
-9.35 132 169
-9.16 138 163
-9.09 140 161
-9.01 140 161
-8.84 138 163
-8.68 138 163
-8.46 137 164
-8.52 142 159
-8.67 144 157
-8.66 141 160
-8.83 145 156
-9.20 149 152
-9.40 145 156
-10.19 157 144
-10.64 151 150
-11.04 150 151
-11.32 147 154
-12.04 156 145
-12.44 150 151
-12.93 152 149
-13.41 152 149
-13.90 152 149
-14.77 160 141
-15.48 157 144
-16.01 153 148
-16.23 147 154
-16.59 150 151
-17.11 153 148
-17.84 158 143
-18.06 147 154
-18.65 155 146
-19.73 165 136
-20.05 150 151
-19.66 136 165
-20.22 155 146
-21.04 160 141
-21.03 144 157
-20.69 137 164
-21.03 150 151
-20.65 136 165
-20.09 132 169
-20.05 143 158
-19.59 134 167
-18.77 127 174
-18.29 133 168
-17.73 132 169
-17.22 133 168
-16.29 124 177
-15.44 125 176
-14.75 129 172
-13.94 126 175
-13.27 129 172
-12.44 125 176
-11.52 123 178
-11.27 137 164
-10.54 127 174
-9.67 124 177
-8.47 117 184
-7.22 116 185
-6.51 127 174
-5.68 124 177
-5.36 134 167
-5.04 134 167
-4.60 132 169
-4.48 138 163
-4.38 138 163
-4.35 140 161
-4.66 147 154
-4.95 146 155
-5.21 146 155
-5.78 152 149
-6.37 153 148
-7.13 156 145
-8.03 159 142
-8.98 160 141
-10.38 169 132
-11.13 157 144
-11.99 159 142
-12.72 157 144
-13.66 161 140
-13.99 149 152
-15.35 170 131
-17.08 177 124
-18.87 179 122
-19.54 157 144
-20.46 162 139
-20.56 146 155
-20.47 142 159
-20.70 148 153
-21.74 165 136
-22.25 154 147
-21.78 134 167
-21.37 136 165
-20.40 124 177
-20.09 137 164
-19.73 136 165
-19.08 130 171
-19.87 159 142
-18.95 125 176
-17.46 113 188
-15.47 103 198
-14.67 127 174
-13.34 116 185
-11.50 105 196
-10.36 119 182
-8.51 104 197
-6.89 108 193
-5.71 117 184
-6.78 162 139
-6.62 137 164
-5.78 124 177
-4.83 121 180
-5.71 158 143
-5.51 137 164
-4.64 123 178
-4.08 129 172
-4.48 148 153
-4.66 144 157
-4.67 140 161
-5.49 157 144
-6.65 164 137
-7.33 155 146
-7.33 141 160
-7.39 142 159
-8.84 170 131
-9.78 160 141
-11.10 168 133
-12.49 170 131
-13.71 167 134
-15.26 174 127
-16.67 171 130
-18.51 180 121
-21.09 195 106
-21.18 146 155
-23.67 194 107
-24.86 168 133
-25.49 157 144
-25.48 144 157
-26.07 157 144
-26.41 152 149
-26.27 142 159
-25.99 139 162
-25.59 137 164
-25.94 152 149
-26.08 147 154
-25.18 126 175
-24.32 127 174
-24.35 145 156
-23.48 127 174
-23.53 145 156
-21.81 109 192
-19.38 95 206
-18.16 119 182
-17.34 127 174
-15.79 112 189
-14.60 119 182
-13.58 122 179
-11.99 110 191
-10.07 103 198
-9.15 123 178
-7.30 104 197
-5.63 107 194
-4.86 125 176
-4.34 130 171
-4.00 133 168
-3.54 131 170
-3.57 141 160
-3.74 144 157
-3.66 139 162
-4.27 153 148
-4.49 145 156
-4.84 148 153
-5.41 152 149
-6.51 163 138
-7.85 168 133
-10.72 199 102
-13.52 198 103
-15.92 191 110
-16.67 158 143
-18.88 187 114
-20.48 176 125
-22.51 185 116
-24.06 175 126
-25.25 168 133
-26.67 173 128
-27.28 157 144
-27.81 156 145
-27.82 145 156
-28.11 151 150
-28.06 144 157
-26.79 119 182
-26.11 131 170
-25.45 132 169
-24.37 123 178
-22.46 106 195
-20.26 100 201
-18.33 105 196
-17.04 117 184
-15.26 107 194
-13.33 103 198
-10.83 92 209
-10.10 127 174
-9.21 124 177
-9.21 141 160
-8.43 126 175
-8.31 139 162
-8.55 146 155
-8.86 147 154
-9.54 155 146
-10.33 157 144
-10.68 149 152
-11.33 155 146
-12.51 166 135
-12.54 143 158
-13.26 157 144
-14.62 170 131
-14.41 138 163
-14.05 135 166
-13.21 125 176
-12.85 135 166
-12.49 135 166
-11.52 122 179
-9.71 105 196
-8.20 111 190
-7.51 127 174
-5.81 107 194
-4.18 108 193
-3.65 129 172
-3.37 135 166
-2.72 127 174
-2.51 136 165
-1.93 128 173
-3.97 181 120
-3.71 135 166
-3.65 139 162
-3.78 143 158
-4.35 152 149
-4.99 153 148
-5.33 147 154
-5.24 139 162
-5.40 144 157
-5.90 151 150
-6.13 145 156
-6.32 145 156
-6.56 146 155
-6.41 138 163
-6.35 140 161
-6.11 136 165
-5.66 132 169
-5.03 128 173
-4.83 136 165
-4.72 138 163
-4.28 132 169
-3.76 130 171
-3.47 134 167
-2.96 130 171
-2.53 132 169
-2.44 138 163
-2.52 142 159
-2.71 144 157
-3.09 148 153
-3.40 146 155
-3.35 139 162
-3.75 148 153
-4.81 162 139
-5.51 154 147
-5.74 145 156
-5.70 140 161
-6.42 155 146
-6.41 141 160
-6.64 145 156
-6.43 137 164
-6.03 133 168
-6.14 143 158
-6.15 141 160
-6.11 140 161
-5.99 138 163
-6.17 144 157
-6.28 143 158
-6.83 152 149
-6.74 139 162
-6.93 145 156
-6.93 141 160
-6.80 138 163
-6.73 139 162
-6.74 141 160
-7.89 164 137
-8.26 149 152
-8.66 149 152
-9.10 150 151
-9.10 141 160
-9.58 151 150
-10.33 156 145
-11.51 166 135
-12.14 154 147
-13.59 171 130
-14.22 155 146
-14.97 158 143
-15.41 151 150
-15.92 153 148
-16.30 150 151
-16.63 149 152
-17.21 155 146
-17.49 149 152
-17.44 142 159
-17.84 151 150
-18.61 159 142
-18.81 147 154
-18.64 140 161
-18.15 133 168
-18.66 153 148
-18.57 141 160
-18.08 133 168
-17.81 138 163
-17.48 136 165
-17.48 143 158
-17.29 139 162
-16.73 132 169
-16.16 131 170
-15.55 130 171
-15.14 134 167
-14.62 132 169
-14.13 133 168
-13.51 130 171
-12.77 127 174
-12.04 127 174
-11.57 132 169
-10.79 126 175
-10.03 126 175
-9.32 127 174
-8.95 134 167
-8.44 131 170
-8.86 150 151
-8.68 137 164
-8.23 132 169
-8.12 139 162
-7.95 138 163
-7.67 135 166
-7.30 133 168
-7.38 143 158
-7.29 139 162
-7.12 137 164
-6.94 137 164
-6.88 140 161
-7.15 146 155
-7.17 141 160
-7.43 146 155
-7.77 148 153
-8.10 148 153
-8.46 148 153
-8.80 148 153
-9.13 148 153
-9.57 150 151
-10.14 153 148
-10.71 153 148
-11.43 156 145
-12.10 155 146
-12.65 153 148
-13.04 150 151
-13.57 153 148
-13.74 146 155
-14.25 153 148
-14.60 150 151
-15.03 151 150
-15.39 150 151
-15.80 151 150
-16.12 149 152
-16.21 145 156
-16.45 148 153
-16.33 140 161
-16.38 144 157
-16.37 143 158
-16.36 143 158
-16.27 141 160
-15.93 136 165
-15.49 134 167
-15.16 136 165
-14.63 132 169
-14.27 135 166
-14.02 137 164
-13.59 134 167
-13.18 134 167
-12.76 134 167
-12.29 133 168
-11.89 134 167
-11.32 130 171
-10.90 133 168
-10.52 134 167
-10.18 135 166
-9.65 131 170
-9.19 132 169
-8.97 137 164
-8.76 137 164
-8.50 136 165
-8.10 133 168
-7.98 139 162
-7.64 134 167
-7.35 135 166
-6.90 132 169
-6.79 139 162
-6.63 137 164
-6.79 144 157
-6.68 139 162
-6.56 138 163
-6.54 141 160
-6.52 140 161
-6.61 143 158
-6.82 145 156
-6.93 143 158
-6.96 141 160
-7.01 142 159
-7.00 141 160
-7.33 148 153
-7.66 148 153
-7.87 145 156
-8.13 146 155
-8.57 150 151
-9.01 150 151
-9.67 155 146
-10.15 151 150
-10.64 151 150
-11.27 154 147
-11.55 147 154
-12.02 151 150
-12.52 152 149
-13.23 156 145
-13.48 147 154
-13.77 148 153
-14.19 151 150
-14.53 149 152
-14.79 148 153
-14.93 145 156
-15.12 146 155
-15.42 149 152
-15.52 145 156
-15.66 145 156
-15.63 142 159
-15.76 145 156
-15.58 139 162
-15.50 141 160
-15.31 139 162
-15.09 138 163
-14.61 133 168
-14.60 142 159
-14.17 134 167
-13.91 137 164
-13.49 134 167
-12.99 132 169
-12.51 132 169
-12.16 135 166
-11.69 132 169
-11.43 137 164
-10.94 132 169
-10.62 135 166
-9.96 128 173
-9.62 135 166
-9.34 136 165
-8.81 131 170
-8.90 143 158
-8.60 135 166
-8.27 135 166
-8.01 136 165
-8.35 148 153
-7.93 133 168
-7.59 134 167
-7.34 136 165
-7.02 134 167
-6.67 134 167
-7.22 152 149
-7.21 141 160
-7.08 138 163
-7.18 143 158
-7.31 144 157
-7.47 144 157
-7.94 150 151
-8.42 151 150
-8.90 151 150
-9.23 148 153
-9.77 152 149
-10.42 155 146
-11.00 153 148
-11.33 148 153
-11.77 151 150
-12.20 151 150
-12.45 147 154
-12.86 150 151
-13.20 149 152
-13.41 146 155
-13.89 152 149
-14.28 150 151
-14.50 147 154
-14.86 150 151
-15.04 146 155
-15.35 149 152
-15.73 150 151
-15.84 145 156
-16.12 148 153
-16.03 141 160
-16.03 143 158
-15.79 138 163
-15.68 140 161
-15.60 141 160
-15.29 136 165
-14.94 136 165
-14.83 140 161
-14.41 134 167
-14.01 134 167
-13.60 134 167
-13.27 135 166
-12.81 133 168
-12.48 135 166
-12.05 133 168
-11.81 137 164
-11.51 136 165
-11.24 136 165
-11.06 138 163
-10.80 137 164
-10.30 132 169
-10.10 138 163
-9.85 136 165
-9.50 134 167
-9.21 136 165
-8.95 136 165
-8.77 138 163
-8.46 135 166
-8.37 139 162
-8.10 136 165
-7.96 138 163
-7.90 140 161
-8.18 147 154
-8.15 140 161
-8.32 145 156
-8.26 140 161
-8.49 146 155
-8.61 144 157
-8.70 143 158
-8.78 143 158
-8.97 145 156
-9.18 146 155
-9.46 147 154
-9.93 151 150
-10.13 145 156
-10.41 147 154
-10.88 151 150
-11.23 149 152
-11.63 150 151
-11.66 142 159
-12.36 156 145
-12.77 150 151
-13.23 151 150
-13.63 150 151
-14.00 150 151
-14.34 149 152
-14.99 156 145
-15.53 153 148
-15.81 148 153
-16.14 149 152
-16.40 148 153
-16.59 147 154
-16.49 141 160
-16.37 140 161
-16.12 138 163
-15.87 138 163
-15.70 139 162
-15.40 137 164
-15.08 136 165
-14.78 136 165
-14.42 135 166
-14.10 136 165
-13.84 137 164
-13.54 136 165
-13.26 137 164
-12.83 133 168
-12.45 134 167
-12.19 137 164
-11.42 126 175
-11.05 134 167
-10.75 136 165
-10.57 138 163
-10.12 133 168
-10.13 142 159
-9.91 137 164
-9.69 137 164
-9.47 137 164
-9.12 134 167
-8.72 133 168
-8.59 139 162
-8.90 147 154
-9.20 147 154
-9.56 149 152
-9.72 145 156
-9.47 136 165
-9.75 147 154
-9.94 145 156
-9.88 140 161
-10.10 146 155
-10.11 142 159
-10.36 147 154
-10.92 153 148
-11.75 159 142
-12.36 154 147
-12.97 154 147
-13.84 160 141
-14.37 153 148
-14.84 152 149
-15.51 156 145
-15.91 151 150
-16.27 150 151
-16.67 151 150
-17.56 161 140
-18.37 159 142
-19.88 174 127
-19.71 140 161
-19.70 143 158
-19.32 136 165
-19.57 148 153
-19.23 137 164
-19.03 139 162
-18.52 133 168
-18.01 133 168
-17.48 132 169
-17.63 146 155
-17.40 138 163
-16.92 133 168
-16.38 132 169
-16.03 136 165
-15.38 129 172
-14.84 132 169
-14.28 131 170
-13.84 134 167
-13.29 131 170
-12.34 123 178
-12.18 139 162
-11.86 136 165
-11.09 126 175
-10.49 129 172
-9.63 124 177
-8.93 127 174
-8.52 133 168
-8.63 143 158
-8.43 137 164
-7.84 129 172
-7.50 134 167
-8.15 154 147
-8.31 144 157
-8.05 136 165
-7.87 138 163
-7.51 134 167
-7.93 149 152
-7.76 138 163
-7.85 143 158
-7.72 139 162
-8.48 156 145
-8.83 148 153
-9.17 148 153
-9.92 157 144
-10.22 148 153
-10.54 148 153
-10.62 143 158
-10.76 144 157
-10.61 139 162
-11.18 153 148
-11.72 152 149
-12.24 152 149
-12.72 152 149
-12.93 146 155
-13.43 152 149
-14.11 156 145
-14.45 149 152
-14.88 151 150
-15.11 147 154
-15.31 147 154
-15.63 149 152
-16.07 152 149
-16.31 147 154
-16.52 147 154
-16.65 145 156
-16.85 147 154
-16.94 145 156
-16.97 143 158
-16.99 143 158
-16.86 140 161
-16.74 140 161
-16.46 137 164
-16.40 141 160
-16.33 141 160
-16.27 142 159
-15.82 134 167
-15.51 136 165
-15.31 139 162
-14.99 136 165
-14.53 133 168
-14.03 132 169
-13.81 138 163
-13.35 133 168
-12.86 132 169
-12.40 133 168
-12.18 138 163
-11.80 134 167
-11.35 133 168
-11.06 136 165
-10.80 136 165
-10.57 137 164
-10.16 133 168
-9.81 135 166
-9.71 139 162
-9.37 135 166
-9.21 138 163
-8.99 137 164
-9.01 142 159
-9.24 146 155
-9.05 137 164
-8.83 137 164
-8.88 142 159
-8.96 143 158
-9.16 145 156
-9.18 142 159
-9.38 146 155
-9.55 145 156
-9.59 142 159
-9.77 145 156
-10.13 149 152
-10.67 153 148
-10.99 148 153
-11.34 149 152
-11.79 151 150
-12.30 152 149
-12.57 148 153
-12.99 150 151
-13.53 153 148
-13.77 147 154
-14.19 151 150
-14.47 148 153
-14.82 149 152
-14.84 143 158
-15.07 147 154
-15.11 143 158
-15.12 143 158
-15.12 142 159
-15.06 141 160
-15.06 142 159
-14.77 137 164
-14.50 137 164
-14.27 138 163
-13.90 135 166
-13.66 137 164
-13.50 139 162
-13.14 135 166
-12.66 132 169
-12.56 140 161
-12.25 136 165
-12.10 139 162
-12.00 140 161
-11.28 127 174
-11.02 137 164
-10.75 136 165
-10.72 141 160
-10.69 141 160
-10.46 137 164
-10.43 141 160
-10.97 152 149
-11.44 151 150
-11.18 137 164
-10.97 137 164
-11.13 145 156
-11.24 144 157
-11.13 139 162
-11.19 143 158
-11.55 149 152
-12.99 171 130
-13.52 153 148
-13.93 150 151
-14.43 152 149
-14.86 151 150
-15.35 153 148
-15.50 145 156
-15.81 149 152
-16.54 157 144
-17.37 159 142
-17.58 147 154
-17.94 150 151
-18.61 157 144
-18.96 150 151
-19.14 147 154
-19.71 155 146
-19.77 145 156
-20.86 166 135
-21.64 159 142
-21.35 138 163
-21.36 144 157
-21.57 148 153
-21.90 150 151
-21.90 144 157
-21.41 134 167
-21.19 139 162
-21.50 150 151
-21.64 147 154
-21.32 137 164
-20.50 127 174
-19.96 133 168
-19.74 139 162
-19.12 131 170
-18.49 131 170
-17.92 132 169
-17.29 130 171
-16.49 127 174
-15.74 128 173
-15.64 141 160
-14.47 119 182
-13.63 125 176
-12.69 123 178
-11.65 121 180
-11.11 131 170
-10.34 126 175
-10.08 136 165
-9.63 132 169
-9.10 131 170
-8.64 132 169
-8.29 134 167
-8.35 142 159
-8.49 144 157
-8.20 135 166
-8.46 146 155
-8.56 143 158
-8.91 148 153
-9.68 157 144
-10.47 157 144
-10.65 145 156
-10.87 146 155
-11.70 159 142
-12.17 151 150
-13.43 168 133
-13.81 150 151
-14.35 153 148
-14.79 151 150
-15.46 156 145
-15.84 150 151
-16.54 157 144
-16.78 148 153
-16.78 143 158
-16.96 146 155
-17.57 155 146
-18.39 160 141
-18.69 149 152
-18.92 148 153
-18.90 143 158
-19.09 147 154
-19.18 145 156
-19.39 148 153
-18.86 133 168
-18.79 142 159
-18.78 143 158
-18.31 134 167
-17.99 137 164
-17.49 133 168
-17.04 134 167
-16.56 133 168
-15.85 129 172
-15.29 131 170
-14.62 129 172
-14.10 132 169
-13.48 130 171
-12.87 130 171
-12.65 138 163
-12.21 133 168
-11.52 128 173
-10.84 128 173
-10.38 132 169
-9.96 133 168
-9.44 131 170
-9.12 135 166
-8.29 125 176
-7.93 134 167
-7.51 133 168
-7.54 142 159
-7.24 135 166
-7.41 144 157
-6.99 133 168
-7.35 148 153
-7.60 146 155
-7.48 139 162
-7.55 142 159
-7.49 140 161
-7.61 143 158
-7.70 143 158
-7.87 144 157
-8.49 154 147
-9.13 154 147
-9.65 152 149
-9.93 147 154
-10.18 146 155
-10.70 152 149
-10.82 144 157
-11.49 155 146
-11.99 152 149
-12.30 148 153
-12.78 152 149
-13.04 147 154
-13.57 153 148
-14.05 152 149
-14.47 151 150
-14.70 147 154
-15.01 149 152
-15.21 146 155
-15.38 146 155
-15.40 143 158
-15.58 146 155
-15.47 140 161
-15.68 147 154
-15.50 139 162
-15.51 143 158
-15.60 144 157
-15.43 139 162
-15.19 138 163
-15.04 140 161
-14.76 137 164
-14.37 135 166
-14.09 137 164
-13.83 137 164
-13.52 136 165
-13.43 140 161
-13.31 140 161
-12.99 136 165
-12.90 140 161
-12.58 136 165
-12.35 137 164
-12.14 138 163
-11.93 138 163
-11.80 139 162
-11.66 139 162
-11.59 141 160
-11.53 140 161
-11.37 139 162
-11.15 137 164
-11.21 143 158
-11.04 138 163
-10.96 140 161
-10.86 140 161
-10.78 140 161
-10.87 143 158
-10.79 140 161
-10.83 142 159
-10.90 143 158
-11.01 144 157
-11.24 146 155
-11.51 147 154
-11.75 147 154
-12.18 150 151
-12.53 149 152
-12.94 150 151
-13.42 152 149
-13.77 149 152
-14.19 151 150
-14.50 149 152
-14.77 148 153
-15.11 149 152
-15.63 153 148
-15.90 148 153
-16.36 152 149
-16.54 146 155
-16.64 145 156
-16.65 143 158
-16.63 142 159
-16.68 144 157
-16.59 141 160
-16.47 141 160
-16.32 140 161
-16.31 142 159
-16.21 141 160
-16.29 144 157
-16.20 141 160
-15.92 137 164
-15.78 140 161
-15.61 139 162
-15.23 135 166
-14.76 133 168
-14.57 139 162
-14.24 136 165
-13.75 133 168
-13.19 131 170
-12.97 138 163
-12.61 135 166
-12.23 134 167
-12.02 138 163
-11.78 137 164
-11.89 144 157
-11.73 139 162
-11.46 136 165
-11.31 139 162
-11.16 139 162
-10.82 135 166
-11.42 154 147
-11.24 138 163
-11.17 140 161
-11.18 142 159
-11.20 142 159
-11.68 151 150
-12.42 157 144
-12.94 153 148
-13.07 145 156
-14.21 165 136
-14.61 151 150
-15.02 151 150
-15.95 161 140
-16.52 154 147
-16.82 149 152
-17.46 156 145
-18.37 161 140
-18.99 156 145
-19.36 151 150
-19.64 149 152
-20.16 154 147
-20.96 160 141
-21.12 147 154
-21.28 147 154
-21.33 145 156
-21.37 144 157
-22.38 164 137
-22.14 139 162
-21.57 132 169
-22.25 158 143
-22.61 151 150
-21.92 130 171
-21.35 132 169
-21.47 146 155
-21.43 143 158
-20.71 129 172
-20.12 132 169
-19.79 137 164
-19.00 128 173
-18.42 131 170
-17.58 126 175
-16.84 128 173
-16.76 141 160
-15.90 125 176
-15.19 128 173
-14.24 123 178
-13.86 135 166
-13.31 131 170
-13.03 136 165
-12.81 138 163
-12.18 129 172
-11.69 132 169
-11.33 134 167
-10.98 135 166
-10.37 129 172
-10.23 139 162
-9.72 131 170
-9.93 146 155
-9.93 141 160
-9.71 137 164
-9.35 134 167
-9.18 138 163
-9.44 147 154
-9.76 148 153
-10.15 149 152
-10.23 143 158
-10.89 155 146
-11.46 153 148
-11.72 147 154
-12.14 150 151
-12.81 155 146
-13.93 165 136
-14.13 146 155
-14.98 159 142
-15.16 146 155
-15.63 152 149
-16.00 150 151
-16.59 155 146
-16.64 144 157
-16.79 146 155
-16.97 146 155
-17.12 146 155
-17.47 150 151
-17.46 143 158
-17.62 146 155
-17.50 141 160
-17.33 140 161
-17.56 148 153
-17.31 138 163
-17.24 142 159
-17.10 140 161
-17.20 145 156
-17.23 143 158
-16.80 134 167
-16.54 137 164
-16.00 132 169
-15.74 137 164
-15.49 138 163
-14.98 132 169
-14.63 135 166
-14.29 136 165
-13.90 134 167
-13.10 126 175
-12.82 136 165
-12.40 134 167
-11.91 132 169
-11.72 138 163
-11.29 133 168
-10.97 135 166
-10.83 139 162
-10.61 137 164
-10.38 137 164
-10.26 139 162
-10.05 137 164
-10.04 141 160
-9.93 139 162
-9.78 139 162
-9.76 141 160
-9.77 142 159
-9.92 144 157
-10.02 143 158
-10.09 143 158
-10.18 143 158
-10.56 149 152
-10.76 146 155
-11.09 148 153
-11.50 150 151
-11.73 146 155
-12.00 147 154
-12.27 147 154
-12.57 148 153
-13.04 151 150
-13.64 154 147
-13.90 147 154
-14.25 149 152
-14.45 147 154
-14.79 149 152
-15.11 149 152
-15.46 150 151
-15.68 147 154
-15.78 145 156
-16.07 149 152
-16.08 143 158
-16.07 142 159
-16.01 142 159
-15.96 142 159
-15.85 140 161
-15.78 141 160
-15.69 141 160
-15.12 131 170
-14.84 137 164
-14.72 140 161
-14.50 138 163
-14.53 143 158
-13.92 130 171
-13.63 136 165
-13.19 133 168
-12.60 130 171
-12.37 137 164
-12.15 138 163
-11.92 137 164
-11.64 136 165
-11.48 139 162
-11.55 143 158
-11.19 134 167
-10.72 132 169
-10.70 141 160
-10.60 140 161
-10.48 139 162
-10.48 141 160
-10.80 148 153
-10.79 141 160
-11.50 156 145
-11.38 139 162
-11.87 152 149
-12.00 145 156
-12.73 157 144
-13.90 166 135
-14.48 154 147
-15.25 158 143
-15.81 154 147
-16.31 153 148
-16.39 144 157
-16.53 146 155
-17.48 162 139
-17.79 149 152
-18.55 158 143
-18.72 147 154
-19.42 158 143
-20.49 165 136
-21.14 157 144
-21.23 146 155
-21.09 141 160
-21.46 151 150
-21.71 149 152
-21.37 137 164
-21.13 139 162
-21.05 142 159
-20.85 140 161
-20.49 136 165
-19.83 130 171
-19.57 138 163
-19.13 135 166
-18.54 131 170
-18.27 138 163
-17.62 130 171
-17.08 132 169
-16.69 135 166
-15.95 128 173
-15.10 126 175
-14.38 128 173
-13.49 124 177
-13.11 135 166
-12.57 131 170
-11.86 128 173
-11.45 134 167
-10.72 127 174
-9.99 127 174
-9.24 126 175
-8.93 135 166
-8.12 125 176
-7.68 132 169
-7.27 133 168
-6.79 131 170
-6.51 135 166
-6.58 142 159
-6.48 139 162
-6.17 135 166
-6.13 140 161
-6.49 148 153
-6.41 139 162
-6.41 141 160
-6.59 144 157
-6.88 147 154
-7.13 146 155
-7.60 150 151
-7.96 148 153
-8.36 149 152
-8.70 148 153
-9.03 148 153
-9.44 150 151
-9.98 152 149
-10.40 150 151
-10.98 153 148
-11.74 157 144
-12.28 153 148
-12.92 155 146
-13.32 150 151
-13.81 152 149
-14.07 148 153
-14.52 151 150
-14.73 147 154
-14.91 146 155
-15.26 150 151
-15.24 142 159
-15.37 145 156
-15.42 143 158
-15.42 143 158
-15.43 143 158
-15.22 138 163
-15.22 142 159
-14.83 135 166
-14.64 139 162
-14.45 139 162
-14.13 136 165
-13.76 135 166
-13.65 140 161
-13.22 133 168
-12.76 133 168
-12.32 133 168
-12.13 138 163
-11.89 137 164
-11.41 132 169
-10.93 132 169
-10.57 134 167
-10.34 137 164
-9.92 133 168
-9.35 130 171
-8.96 133 168
-8.49 132 169
-8.34 138 163
-8.06 136 165
-7.71 134 167
-7.36 134 167
-7.24 138 163
-7.10 138 163
-6.81 135 166
-6.65 138 163
-6.59 140 161
-6.44 138 163
-6.36 139 162
-6.44 142 159
-6.53 143 158
-6.66 143 158
-6.82 144 157
-7.00 144 157
-7.38 149 152
-7.66 147 154
-8.06 149 152
-8.40 148 153
-8.80 149 152
-9.24 150 151
-9.93 155 146
-10.09 145 156
-10.40 148 153
-10.89 152 149
-11.20 148 153
-11.52 148 153
-12.04 152 149
-12.35 148 153
-12.54 146 155
-12.83 148 153
-13.23 150 151
-13.48 147 154
-13.58 144 157
-13.77 146 155
-13.80 143 158
-13.83 143 158
-13.70 140 161
-13.71 142 159
-13.67 142 159
-13.57 140 161
-13.47 140 161
-13.22 137 164
-13.12 140 161
-13.05 141 160
-12.64 134 167
-12.32 136 165
-12.15 138 163
-12.08 141 160
-11.76 135 166
-11.55 138 163
-11.52 141 160
-11.03 132 169
-10.82 137 164
-10.68 139 162
-10.44 137 164
-10.18 136 165
-9.81 134 167
-9.86 142 159
-9.63 137 164
-9.75 144 157
-9.73 141 160
-9.55 138 163
-9.68 144 157
-9.61 140 161
-9.81 145 156
-10.00 145 156
-9.80 137 164
-9.96 145 156
-10.56 154 147
-10.91 149 152
-11.19 147 154
-11.54 149 152
-12.06 152 149
-12.31 147 154
-12.83 152 149
-13.41 154 147
-14.35 161 140
-15.55 167 134
-16.32 158 143
-16.72 151 150
