Left Intrinsic Parameters:
427.20455  0.00000  176.45594  
0.00000  428.76489  115.79530  
0.00000  0.00000  1.00000  

Left Distortion Parameters:
-0.09007  -0.23562  -0.00164  -0.00176  

Right Intrinsic Parameters:
427.74435  0.00000  171.33681  
0.00000  429.04907  122.17543  
0.00000  0.00000  1.00000  

Right Distortion Parameters:
-0.11721  0.00640  -0.00171  -0.00050  

Left Rectification Homography:
1.03830  0.04407  -11.28211  
-0.04474  1.03984  3.07261  
-0.00002  0.00001  1.00251  

Right Rectification Homography:
1.04209  0.03804  -11.46318  
-0.03953  1.03634  0.62286  
0.00001  -0.00001  1.00039  

Left Translation :
0.00000  0.00000  0.00000  

Left Rotation:
0.00000  0.00000  0.00000  
0.00000  0.00000  0.00000  
0.00000  0.00000  0.00000  

Right Translation :
0.00000  0.00000  0.00000  

Right Rotation:
0.00000  0.00000  0.00000  
0.00000  0.00000  0.00000  
0.00000  0.00000  0.00000  

Relative Rotation:
0.01046  
0.01234  
-0.00168  

Relative Translation:
-69.11908  
-2.67579  
0.17580  

Essensial Matrix:
0.03332  -0.20375  -2.67360  
-0.67757  0.72256  69.11221  
2.78745  -69.11053  0.75668  

Fundamental Matrix:
-0.00000  0.00000  0.01619  
0.00001  -0.00001  -0.42418  
-0.01827  0.42469  1.00000  

Disparity to depth mapping matrix (Q):
1.00000  0.00000  0.00000  -172.86851  
0.00000  1.00000  0.00000  -118.06238  
0.00000  0.00000  0.00000  445.60773  
0.00000  0.00000  0.01446  -0.00000  

Vertical shift:
-1
